image_width: 1280
image_height: 800
camera_name: ps5eye_right
camera_matrix:
  rows: 3
  cols: 3
  data: [1259.514605, 0.000000, 1002.401029, 0.000000, 1256.275913, 554.043043, 0.000000, 0.000000, 1.000000]
distortion_model: plumb_bob
distortion_coefficients:
  rows: 1
  cols: 5
  data: [-0.003758, -0.015707, 0.000248, 0.001428, 0.000000]
rectification_matrix:
  rows: 3
  cols: 3
  data: [0.998964, 0.002659, -0.045431, -0.002647, 0.999996, 0.000326, 0.045432, -0.000205, 0.998967]
projection_matrix:
  rows: 3
  cols: 4
  data: [1303.635892, 0.000000, 1088.379471, -77.846881, 0.000000, 1303.635892, 549.012356, 0.000000, 0.000000, 0.000000, 1.000000, 0.000000]
