image_width: 1920
image_height: 1080
camera_name: ps5eye_left
camera_matrix:
  rows: 3
  cols: 3
  data: [1248.415090, 0.000000, 985.117764, 0.000000, 1245.564973, 544.915477, 0.000000, 0.000000, 1.000000]
distortion_model: plumb_bob
distortion_coefficients:
  rows: 1
  cols: 5
  data: [-0.014953, -0.004879, -0.000901, -0.000319, 0.000000]
rectification_matrix:
  rows: 3
  cols: 3
  data: [0.998961, 0.002047, -0.045519, -0.002059, 0.999998, -0.000219, 0.045519, 0.000312, 0.998963]
projection_matrix:
  rows: 3
  cols: 4
  data: [1303.635892, 0.000000, 1088.379471, 0.000000, 0.000000, 1303.635892, 549.012356, 0.000000, 0.000000, 0.000000, 1.000000, 0.000000]
